../../../.git/annex/objects/fM/q2/SHA256E-s2901--e3b20c54a07f0f373c96ae89f2a9ac8b88ce2f33755450d7f1507b9ba158b385.tsv/SHA256E-s2901--e3b20c54a07f0f373c96ae89f2a9ac8b88ce2f33755450d7f1507b9ba158b385.tsv