../../../.git/annex/objects/0p/qX/SHA256E-s3399--a7ce75c56dc17d7f2d34f6be9667cedd3621076675f3b137dd493dfd6b46c04a.tsv/SHA256E-s3399--a7ce75c56dc17d7f2d34f6be9667cedd3621076675f3b137dd493dfd6b46c04a.tsv