../../../.git/annex/objects/2M/0W/SHA256E-s2859--2efe79475d19d37920850171f77c324c380156433e06d169124febc12e409c3a.tsv/SHA256E-s2859--2efe79475d19d37920850171f77c324c380156433e06d169124febc12e409c3a.tsv